$ 1 0.000005 4.078577355933338 50 5 50 5e-11
156 64 128 128 128 0 5
156 272 128 304 128 0 5
156 464 128 496 128 0 0
150 384 256 464 256 0 2 0 5
w 272 128 256 128 0
w 256 128 256 192 0
w 256 192 272 192 0
w 256 192 256 272 0
w 256 272 336 272 0
w 64 192 48 192 0
w 48 192 48 128 0
w 48 128 64 128 0
R 48 128 48 80 0 0 40 5 0 0 0.5
w 32 160 64 160 0
w 272 160 240 160 0
w 224 192 256 192 0
w 240 160 240 48 0
w 240 48 32 48 0
w 32 48 32 160 0
w 240 48 384 48 0
w 432 48 432 160 0
w 432 160 464 160 0
w 464 256 464 192 0
w 368 240 368 192 0
w 336 272 368 272 0
R 32 48 -16 48 1 2 300 2.5 2.5 0 0.5
M 224 16 176 16 0 2.5
M 416 16 368 16 0 2.5
M 608 16 560 16 0 2.5
w 464 128 448 128 0
w 448 128 448 192 0
w 448 192 464 192 0
I 160 128 224 128 0 0.5 5
w 160 192 224 192 0
I 368 128 416 128 0 0.5 5
w 384 48 432 48 0
w 384 240 368 240 0
w 384 272 368 272 0
I 560 128 608 128 0 0.5 5
L 80 -480 32 -480 0 1 false 5 0
L 80 -448 32 -448 0 1 false 5 0
L 80 -416 32 -416 0 1 false 5 0
L 80 -224 32 -224 0 0 false 5 0
w 224 128 224 16 0
w 416 16 416 128 0
w 608 16 608 128 0
M 656 -112 704 -112 0 2.5
w 224 -112 224 16 0
w 240 -80 240 0 0
w 240 0 416 0 0
w 416 0 416 16 0
w 608 16 608 -16 0
w 608 -16 256 -16 0
w 256 -16 256 -48 0
w 352 -48 416 -48 0
I 448 -944 512 -944 0 0.5 5
150 496 -96 576 -96 0 2 0 5
151 416 -80 496 -80 0 2 5 5
152 336 -96 416 -96 0 2 0 5
w 224 -112 288 -112 0
w 416 -48 416 -64 0
w 240 -80 288 -80 0
w 304 -48 256 -48 0
w 80 -224 496 -224 0
153 336 -176 416 -176 0 3 0 5
152 704 -656 784 -656 0 6 5 5
w 336 -192 224 -192 0
w 224 -192 224 -112 0
w 336 -176 240 -176 0
w 240 -176 240 -80 0
w 336 -160 256 -160 0
w 256 -160 256 -48 0
w 288 -112 336 -112 0
w 288 -80 336 -80 0
w 304 -48 352 -48 0
w 416 -176 448 -176 0
w 496 -176 448 -176 0
w 576 -176 496 -176 0
w 576 -176 576 -128 0
w 496 -112 496 -224 0
152 576 -112 656 -112 0 2 0 5
150 512 -960 592 -960 0 2 0 5
M 784 -656 832 -656 0 2.5
w 272 -976 512 -976 0
w 256 -560 256 -448 0
w 448 -944 256 -944 0
w 256 -832 256 -720 0
w 384 -624 256 -624 0
w 384 -656 240 -656 0
w 240 -496 240 -656 0
w 416 -688 192 -688 0
150 512 -656 592 -656 0 2 0 5
153 432 -640 512 -640 0 2 0 5
w 384 -656 432 -656 0
w 432 -624 384 -624 0
w 512 -688 512 -672 0
w 688 -656 592 -656 0
w 592 -960 624 -960 0
w 624 -960 624 -704 0
w 592 -672 704 -672 0
w 256 -160 256 -448 0
w 240 -176 240 -464 0
w 432 -480 224 -480 0
w 224 -352 224 -192 0
w 208 -416 416 -416 0
150 512 -448 592 -448 0 2 0 5
w 416 -416 512 -416 0
w 512 -416 512 -432 0
w 656 -624 656 -512 0
153 432 -464 512 -464 0 3 0 5
w 256 -448 432 -448 0
w 240 -464 432 -464 0
w 240 -464 240 -496 0
152 592 -512 656 -512 0 2 0 5
150 512 -528 592 -528 0 3 0 5
w 592 -496 592 -448 0
150 368 -560 432 -560 0 2 0 5
w 272 -592 224 -592 0
w 224 -592 224 -480 0
w 240 -496 352 -496 0
w 448 -528 512 -528 0
w 512 -512 416 -512 0
w 416 -512 416 -416 0
w 416 -688 512 -688 0
w 416 -688 416 -592 0
w 464 -544 512 -544 0
w 256 -560 256 -624 0
w 256 -560 272 -560 0
w 368 -544 352 -544 0
w 352 -544 352 -496 0
w 416 -592 464 -592 0
w 464 -592 464 -544 0
w 448 -528 448 -560 0
w 448 -560 432 -560 0
150 512 -736 592 -736 0 3 5 5
w 416 -720 256 -720 0
w 256 -832 256 -944 0
w 352 -752 240 -752 0
w 240 -832 240 -752 0
w 480 -736 512 -736 0
w 512 -752 512 -784 0
w 512 -784 336 -784 0
w 272 -896 272 -976 0
w 704 -704 624 -704 0
w 704 -688 608 -688 0
w 608 -688 608 -848 0
I 352 -752 416 -752 0 0.5 5
150 416 -736 480 -736 0 2 5 5
w 208 -416 80 -416 0
w 592 -672 592 -736 0
w 576 -848 608 -848 0
w 256 -624 256 -720 0
w 240 -656 240 -752 0
w 224 -592 224 -800 0
w 512 -688 512 -720 0
w 272 -976 176 -976 0
153 352 -848 432 -848 0 2 5 5
w 352 -864 224 -864 0
w 224 -864 224 -800 0
w 240 -832 352 -832 0
150 512 -848 576 -848 0 3 5 5
w 272 -896 496 -896 0
w 496 -896 496 -864 0
w 512 -864 496 -864 0
w 512 -848 432 -848 0
w 272 -784 272 -896 0
w 512 -832 496 -832 0
w 496 -832 496 -816 0
w 496 -816 208 -816 0
w 208 -816 208 -416 0
153 272 -576 352 -576 0 2 0 5
w 368 -576 352 -576 0
w 272 -784 336 -784 0
w 80 -480 176 -480 0
w 176 -480 176 -976 0
w 192 -688 192 -448 0
w 192 -448 80 -448 0
w 208 -416 208 -288 0
w 208 -288 464 -288 0
w 192 -448 192 -304 0
w 192 -304 464 -304 0
w 176 -480 176 -320 0
w 176 -320 448 -320 0
w 224 -480 224 -352 0
w 224 -352 384 -352 0
I 384 -352 448 -352 0 0.5 5
150 464 -320 528 -320 0 4 5 5
w 464 -336 448 -336 0
w 448 -336 448 -320 0
w 448 -352 464 -352 0
w 704 -640 688 -640 0
w 688 -640 688 -656 0
w 656 -624 704 -624 0
w 704 -608 672 -608 0
w 672 -608 672 -320 0
w 672 -320 528 -320 0
x -27 -474 10 -471 4 24 IN1
x -27 -442 10 -439 4 24 IN2
x -27 -411 10 -408 4 24 IN3
x -29 -218 8 -215 4 24 IN4
